[418 421 432 ..., 507 502 523]
[423 432 417 ..., 516 515 500]
[420 406 404 ..., 513 518 507]
[405 400 430 ..., 508 513 512]
[410 436 417 ..., 508 504 518]
[427 429 412 ..., 491 510 507]
[440 431 406 ..., 519 512 512]
[415 413 420 ..., 507 505 496]
[419 414 419 ..., 520 511 498]
[417 415 437 ..., 524 520 497]
[404 409 412 ..., 511 485 510]
[418 416 421 ..., 529 505 527]
[415 431 423 ..., 525 506 523]
[406 420 424 ..., 506 504 523]
[410 419 414 ..., 493 524 517]
[422 409 406 ..., 490 512 512]
[415 425 419 ..., 518 517 544]
[415 420 409 ..., 511 510 477]
[414 406 425 ..., 500 524 502]
[416 423 406 ..., 511 492 514]
[400 421 418 ..., 511 515 525]
[400 402 415 ..., 499 533 538]
[430 399 426 ..., 518 509 512]
[415 424 406 ..., 513 515 516]
[398 411 421 ..., 533 508 514]
[410 423 402 ..., 528 532 511]
[425 422 408 ..., 514 505 524]
[420 441 417 ..., 535 522 500]
[416 400 416 ..., 525 520 530]
[406 433 421 ..., 550 510 513]
[412 412 434 ..., 533 527 498]
[406 419 423 ..., 526 539 507]
[403 410 412 ..., 520 538 507]
[420 408 434 ..., 521 536 534]
[400 419 415 ..., 533 534 544]
[407 423 433 ..., 519 520 521]
[416 404 408 ..., 518 533 494]
[431 425 437 ..., 515 515 517]
[423 437 425 ..., 514 502 517]
[422 403 412 ..., 510 519 526]
[400 419 413 ..., 533 516 523]
[412 391 418 ..., 506 515 532]
[425 404 413 ..., 530 509 517]
[427 439 409 ..., 530 508 531]
[411 408 417 ..., 514 552 521]
[406 414 422 ..., 521 532 500]
[398 404 422 ..., 531 515 525]
[399 413 422 ..., 518 512 523]
[407 418 399 ..., 512 516 540]
[415 405 418 ..., 515 506 515]
[427 411 421 ..., 508 500 537]
[432 412 414 ..., 513 532 509]
[427 417 415 ..., 522 531 500]
[427 418 420 ..., 521 526 506]
[415 430 419 ..., 526 532 519]
[413 416 419 ..., 538 529 526]
[403 407 413 ..., 537 518 508]
[404 394 418 ..., 542 523 553]
[401 399 422 ..., 509 545 549]
[405 409 439 ..., 540 529 545]
[396 413 406 ..., 532 536 552]
[403 399 411 ..., 545 536 525]
[400 394 418 ..., 519 515 517]
[406 390 413 ..., 523 521 535]
[398 409 394 ..., 520 541 541]
[392 399 393 ..., 526 530 526]
[388 399 381 ..., 535 551 553]
[389 390 390 ..., 520 522 528]
[379 377 378 ..., 534 518 556]
[374 373 381 ..., 529 522 528]
[360 366 367 ..., 518 522 543]
[369 375 374 ..., 538 525 552]
[357 361 359 ..., 539 519 523]
[360 354 366 ..., 554 542 530]
[365 349 359 ..., 546 550 520]
[359 351 362 ..., 522 544 521]
[369 363 366 ..., 526 533 512]
[356 354 361 ..., 524 541 514]
[362 353 362 ..., 518 531 525]
[343 346 364 ..., 532 538 529]
[349 347 346 ..., 527 537 553]
[345 364 350 ..., 547 559 541]
[359 347 346 ..., 524 527 532]
[345 351 341 ..., 549 519 534]
[345 348 342 ..., 562 539 529]
[348 348 349 ..., 556 548 544]
[358 348 341 ..., 518 549 520]
[355 350 357 ..., 527 519 533]
[372 347 345 ..., 515 522 535]
[358 366 345 ..., 546 536 535]
[357 338 353 ..., 541 520 568]
[337 333 351 ..., 533 548 532]
[342 343 354 ..., 546 524 507]
[345 352 337 ..., 547 529 527]
[340 339 344 ..., 552 564 544]
[353 333 344 ..., 540 541 551]
[349 363 341 ..., 536 550 549]
[360 344 354 ..., 557 560 536]
[343 344 355 ..., 564 552 509]
[348 346 354 ..., 545 553 550]
[348 346 341 ..., 543 550 543]
[340 341 346 ..., 571 528 533]
[337 346 362 ..., 535 534 532]
[349 361 353 ..., 548 553 504]
[343 353 352 ..., 540 541 533]
[361 352 346 ..., 551 541 549]
[348 360 344 ..., 558 558 552]
[341 351 344 ..., 529 519 528]
[343 357 347 ..., 532 532 563]
[359 362 336 ..., 531 537 560]
[355 351 335 ..., 549 543 530]
[361 349 350 ..., 550 533 552]
[355 358 354 ..., 540 544 559]
[344 353 337 ..., 555 566 553]
[358 348 357 ..., 543 544 551]
[372 370 357 ..., 556 546 533]
[339 362 369 ..., 544 560 544]
[340 347 367 ..., 557 536 536]
[349 345 345 ..., 585 558 542]
[353 356 367 ..., 568 549 563]
[359 356 359 ..., 559 574 566]
[351 347 350 ..., 588 549 550]
[362 348 370 ..., 564 566 542]
[347 351 353 ..., 553 558 590]
[346 349 352 ..., 572 558 539]
[362 363 369 ..., 553 569 577]
[370 365 364 ..., 545 558 551]
[363 370 375 ..., 564 557 553]
[374 372 371 ..., 573 550 568]
[357 365 361 ..., 559 552 589]
[351 368 364 ..., 578 576 580]
[366 380 368 ..., 561 578 594]
[367 367 363 ..., 572 576 570]
[361 365 374 ..., 593 567 584]
[381 369 365 ..., 561 576 586]
[380 373 374 ..., 584 575 565]
[355 378 377 ..., 566 564 554]
[364 370 391 ..., 578 583 550]
[380 375 369 ..., 577 553 561]
[380 387 383 ..., 571 576 571]
[366 370 369 ..., 569 570 582]
[379 368 377 ..., 578 594 562]
[381 373 377 ..., 576 565 571]
[375 373 368 ..., 603 575 576]
[372 388 376 ..., 572 586 592]
[380 371 381 ..., 534 552 599]
[381 372 386 ..., 577 565 557]
[381 385 375 ..., 554 553 573]
[382 374 384 ..., 580 575 569]
[379 398 382 ..., 588 591 602]
[395 392 385 ..., 575 563 576]
[371 372 386 ..., 584 606 574]
[385 398 390 ..., 581 585 598]
[385 397 394 ..., 623 581 568]
[393 392 401 ..., 598 582 602]
[409 400 397 ..., 566 607 556]
[404 405 411 ..., 573 597 571]
[409 417 430 ..., 600 601 598]
[437 449 461 ..., 596 613 578]
[439 457 454 ..., 608 569 573]
[442 419 441 ..., 614 587 609]
[423 426 409 ..., 637 609 578]
[394 408 419 ..., 601 596 602]
[405 408 419 ..., 604 610 624]
[393 389 395 ..., 614 599 600]
[397 373 386 ..., 615 615 585]
[395 395 373 ..., 614 592 597]
[372 378 383 ..., 588 604 606]
[378 388 377 ..., 594 604 615]
[375 371 378 ..., 588 587 598]
[386 369 360 ..., 612 607 581]
[388 384 368 ..., 607 599 584]
[371 386 378 ..., 599 632 597]
[372 367 382 ..., 596 600 584]
[380 361 369 ..., 599 612 626]
[379 370 380 ..., 584 597 606]
[382 375 387 ..., 615 583 615]
[377 383 378 ..., 595 641 605]
[377 376 375 ..., 589 618 623]
[362 369 361 ..., 642 634 628]
[369 374 366 ..., 603 577 608]
[377 363 372 ..., 591 606 579]
[367 364 369 ..., 628 616 595]
[370 361 369 ..., 631 607 606]
[371 373 365 ..., 619 609 602]
[360 378 382 ..., 596 612 616]
[368 379 362 ..., 613 644 604]
[371 380 378 ..., 639 653 627]
[365 398 377 ..., 654 651 611]
[395 390 380 ..., 649 631 642]
[388 388 393 ..., 632 614 623]
[380 373 390 ..., 637 625 603]
[394 382 371 ..., 624 613 614]
[394 406 389 ..., 618 610 628]
[402 410 400 ..., 640 624 635]
[381 380 410 ..., 650 646 638]
[407 407 410 ..., 640 648 616]
[424 410 412 ..., 635 646 640]
[408 413 411 ..., 640 639 652]
[414 416 412 ..., 647 632 641]
[428 400 422 ..., 647 622 650]
[413 427 433 ..., 658 618 638]
[428 411 400 ..., 652 608 644]
[431 417 419 ..., 658 604 620]
[433 423 430 ..., 638 634 657]
[418 429 442 ..., 627 655 631]
[420 433 451 ..., 642 652 633]
[424 419 428 ..., 669 640 647]
[433 424 411 ..., 660 644 646]
[446 433 423 ..., 637 646 643]
[418 417 438 ..., 644 622 676]
[433 434 422 ..., 646 654 647]
[440 440 430 ..., 676 668 671]
[447 437 428 ..., 649 682 635]
[444 439 436 ..., 672 637 661]
[449 430 461 ..., 659 632 631]
[436 458 455 ..., 631 623 661]
[435 452 446 ..., 662 663 644]
[438 443 460 ..., 651 635 672]
[427 431 442 ..., 640 653 643]
[430 436 446 ..., 684 667 657]
[475 454 443 ..., 662 669 658]
[457 442 451 ..., 659 658 668]
[458 445 448 ..., 655 671 667]
[444 470 471 ..., 686 676 669]
[486 492 520 ..., 654 651 668]
[522 527 546 ..., 653 661 657]
[554 520 550 ..., 689 651 631]
[573 554 582 ..., 703 679 662]
[589 590 611 ..., 678 657 685]
[586 601 595 ..., 688 685 696]
[569 591 588 ..., 699 676 669]
[620 578 608 ..., 684 665 672]
[615 611 585 ..., 710 691 703]
[630 627 573 ..., 676 659 674]
[599 572 576 ..., 686 676 673]
[575 613 533 ..., 684 692 659]
[608 581 581 ..., 689 673 688]
[578 584 578 ..., 685 681 712]
[564 538 529 ..., 670 679 664]
[520 543 525 ..., 674 672 653]
[517 524 530 ..., 688 670 655]
[478 475 503 ..., 688 673 673]
[501 515 513 ..., 676 703 700]
[544 537 537 ..., 664 666 697]
[507 546 531 ..., 684 700 688]
[512 534 540 ..., 685 686 682]
[528 518 524 ..., 676 694 686]
[521 526 521 ..., 692 687 699]
[533 530 529 ..., 703 694 709]
[521 534 550 ..., 703 701 702]
[544 523 532 ..., 696 678 676]
[516 547 546 ..., 687 689 667]
[525 547 548 ..., 658 698 686]
[501 526 518 ..., 686 648 707]
[558 541 540 ..., 696 692 691]
[536 558 533 ..., 696 718 675]
[581 552 550 ..., 720 694 698]
[546 538 543 ..., 689 691 698]
[527 561 541 ..., 692 713 693]
[524 553 532 ..., 708 738 724]
[552 570 558 ..., 683 719 722]
[556 570 562 ..., 697 715 709]
[560 575 536 ..., 720 727 701]
[551 563 548 ..., 694 709 677]
[536 565 537 ..., 703 699 691]
[557 544 546 ..., 716 714 704]
[556 560 544 ..., 712 728 724]
[547 539 548 ..., 695 725 716]
[547 545 527 ..., 696 678 693]
[541 565 543 ..., 692 716 720]
[588 577 561 ..., 694 719 725]
[537 568 561 ..., 702 691 705]
[535 569 568 ..., 714 717 698]
[572 572 549 ..., 719 723 685]
[569 561 559 ..., 711 714 699]
[549 565 565 ..., 727 724 683]
[547 558 578 ..., 736 721 704]
[539 558 555 ..., 702 710 708]
[546 536 546 ..., 742 732 679]
[526 562 557 ..., 680 717 704]
[566 559 555 ..., 718 691 700]
[539 567 556 ..., 721 741 725]
[542 563 574 ..., 721 706 702]
[560 553 556 ..., 748 716 715]
[548 562 552 ..., 735 727 741]
[568 572 557 ..., 719 724 719]
[544 532 564 ..., 732 740 709]
[550 543 578 ..., 741 725 683]
[542 555 577 ..., 749 713 726]
[563 568 570 ..., 743 689 706]
[563 585 569 ..., 694 693 687]
[566 551 550 ..., 737 716 685]
[558 560 571 ..., 737 703 702]
[555 590 570 ..., 712 724 705]
[580 554 570 ..., 726 737 713]
[526 549 555 ..., 695 720 728]
[523 578 577 ..., 751 726 708]
[551 585 581 ..., 724 734 730]
[575 543 590 ..., 730 730 698]
[568 564 575 ..., 738 710 677]
[565 573 558 ..., 745 715 704]
[577 571 555 ..., 724 721 716]
[573 550 587 ..., 728 747 730]
[557 573 590 ..., 743 732 722]
[572 569 567 ..., 732 733 698]
[562 581 593 ..., 718 731 700]
[544 566 579 ..., 769 730 721]
[549 591 579 ..., 720 766 720]
[563 582 580 ..., 715 743 741]
[571 577 569 ..., 718 730 723]
[590 583 580 ..., 702 711 734]
[556 569 574 ..., 751 723 750]
[583 538 605 ..., 733 719 730]
[557 572 552 ..., 719 721 693]
[566 599 581 ..., 736 744 739]
[566 564 594 ..., 720 729 708]
[596 598 595 ..., 726 729 739]
[586 590 575 ..., 726 727 718]
[576 589 580 ..., 716 709 706]
[604 581 583 ..., 696 715 714]
[588 564 613 ..., 731 710 710]
[583 579 623 ..., 728 730 719]
[594 583 610 ..., 725 714 703]
[578 605 611 ..., 697 707 707]
[580 597 591 ..., 742 724 724]
[584 584 599 ..., 721 716 720]
[552 573 596 ..., 756 734 751]
[595 578 578 ..., 735 704 740]
[580 587 583 ..., 722 710 740]
[568 583 589 ..., 727 720 714]
[584 585 581 ..., 722 732 715]
[585 558 596 ..., 700 740 716]
[596 595 590 ..., 736 713 722]
[585 564 622 ..., 708 708 715]
[575 568 614 ..., 727 748 727]
[604 581 575 ..., 727 771 727]
[599 575 612 ..., 751 731 721]
[580 611 590 ..., 725 707 755]
[613 624 596 ..., 747 737 693]
[600 604 619 ..., 741 718 688]
[577 580 600 ..., 727 696 715]
[616 637 595 ..., 741 698 700]
[624 627 617 ..., 774 743 720]
[620 617 635 ..., 737 763 729]
[618 617 627 ..., 764 736 730]
[614 624 632 ..., 710 739 714]
[609 631 632 ..., 740 750 729]
[609 608 609 ..., 770 713 723]
[581 615 594 ..., 729 698 736]
[569 583 626 ..., 717 693 676]
[608 613 610 ..., 718 714 718]
[602 614 615 ..., 741 712 724]
[583 636 600 ..., 748 744 732]
[601 608 602 ..., 730 766 701]
[606 605 622 ..., 717 747 731]
[635 600 610 ..., 735 696 733]
[601 617 621 ..., 751 728 713]
[619 634 599 ..., 724 726 716]
[636 609 615 ..., 729 716 752]
[626 591 606 ..., 697 722 751]
[618 598 600 ..., 747 736 732]
[636 601 639 ..., 753 731 748]
[605 623 603 ..., 738 713 714]
[603 614 619 ..., 742 702 703]
[617 617 615 ..., 728 727 724]
[650 600 626 ..., 702 710 692]
[624 637 620 ..., 721 719 701]
[645 652 613 ..., 759 728 717]
[640 636 625 ..., 740 728 721]
[645 591 627 ..., 750 725 710]
[606 638 619 ..., 711 711 705]
[617 612 630 ..., 686 700 711]
[612 600 619 ..., 738 719 710]
[628 646 637 ..., 724 741 739]
[623 630 657 ..., 703 715 678]
[642 626 634 ..., 743 708 694]
[630 621 611 ..., 733 722 720]
[616 625 659 ..., 706 733 723]
[616 626 640 ..., 730 712 736]
[646 671 646 ..., 717 719 744]
[642 665 683 ..., 701 725 715]
[650 671 631 ..., 711 727 739]
[637 634 627 ..., 720 702 719]
[639 638 631 ..., 730 728 704]
[620 645 664 ..., 738 726 729]
[649 634 644 ..., 712 730 735]
[668 649 626 ..., 721 719 693]
[665 656 617 ..., 707 686 721]
[627 642 651 ..., 705 703 699]
[639 658 661 ..., 709 725 685]
[658 664 671 ..., 709 703 687]
[654 648 622 ..., 734 730 713]
[629 652 670 ..., 723 731 706]
[657 647 678 ..., 705 733 716]
[631 657 654 ..., 670 708 718]
[634 657 676 ..., 721 706 703]
[650 648 657 ..., 707 705 683]
[647 635 628 ..., 722 700 684]
[645 646 648 ..., 716 724 728]
[654 645 650 ..., 712 724 712]
[634 647 671 ..., 710 731 706]
[630 659 658 ..., 714 711 729]
[657 663 681 ..., 710 704 707]
[676 660 660 ..., 734 710 705]
[654 651 660 ..., 710 722 706]
[647 623 633 ..., 731 737 733]
[664 674 645 ..., 721 721 695]
[641 642 658 ..., 708 693 705]
[663 656 650 ..., 719 698 704]
[682 647 637 ..., 719 698 715]
[659 656 635 ..., 719 714 694]
[666 629 641 ..., 741 728 696]
[632 643 665 ..., 718 697 700]
[657 673 670 ..., 701 732 723]
[639 653 644 ..., 725 685 697]
[660 679 651 ..., 710 694 693]
[652 644 649 ..., 717 685 681]
[691 656 648 ..., 711 702 702]
[646 649 698 ..., 748 714 708]
[648 665 672 ..., 691 705 715]
[654 644 701 ..., 695 709 724]
[683 657 680 ..., 704 716 706]
[661 676 649 ..., 715 693 745]
[686 700 695 ..., 717 681 703]
[688 642 667 ..., 708 688 729]
[718 682 672 ..., 735 738 729]
[679 693 719 ..., 728 710 703]
[716 715 738 ..., 689 708 672]
[701 735 752 ..., 710 665 679]
[794 786 772 ..., 708 705 717]
[791 809 791 ..., 712 702 739]
[832 798 810 ..., 716 747 721]
[820 852 814 ..., 728 746 702]
[802 832 787 ..., 700 720 715]
[805 809 818 ..., 712 718 714]
[794 818 824 ..., 712 680 731]
[813 817 766 ..., 709 737 723]
[811 858 778 ..., 720 702 703]
[809 833 817 ..., 699 710 692]
[829 840 807 ..., 703 715 704]
[825 800 825 ..., 721 727 725]
[834 811 838 ..., 722 699 699]
[854 841 825 ..., 737 727 718]
[817 829 854 ..., 696 735 727]
[816 862 832 ..., 676 693 701]
[839 839 825 ..., 702 725 679]
[814 831 834 ..., 712 687 680]
[820 842 836 ..., 711 699 728]
[849 827 837 ..., 698 709 715]
[819 845 829 ..., 712 710 699]
[842 856 850 ..., 695 715 725]
[845 820 847 ..., 702 696 702]
[854 790 855 ..., 722 665 693]
[844 833 837 ..., 702 721 705]
[831 832 857 ..., 682 690 717]
[856 846 807 ..., 718 718 708]
[844 822 832 ..., 723 715 672]
[850 833 838 ..., 713 718 723]
[827 835 852 ..., 721 707 702]
[833 855 857 ..., 709 709 711]
[825 858 864 ..., 709 718 723]
[855 850 875 ..., 705 723 674]
[818 835 844 ..., 729 700 701]
[797 791 785 ..., 734 709 690]
[747 732 734 ..., 714 723 697]
[701 686 695 ..., 718 706 702]
[652 632 636 ..., 743 709 699]
[614 588 567 ..., 686 689 718]
[504 538 520 ..., 713 727 703]
[505 515 493 ..., 709 751 706]
[504 502 500 ..., 714 699 716]
[530 505 520 ..., 710 714 729]
[523 532 560 ..., 706 731 703]
[583 618 595 ..., 723 707 703]
[630 674 679 ..., 705 708 723]
[663 721 695 ..., 718 707 713]
[737 734 749 ..., 693 701 687]
[774 817 797 ..., 685 709 704]
[788 833 816 ..., 711 688 717]
[796 788 798 ..., 752 725 687]
[750 769 713 ..., 742 715 706]
[676 661 618 ..., 687 694 714]
[615 577 588 ..., 732 714 730]
[547 566 543 ..., 714 754 737]
[475 481 444 ..., 713 717 723]
[407 414 402 ..., 722 724 740]
[400 388 370 ..., 693 715 704]
[398 379 402 ..., 709 718 715]
[390 392 390 ..., 689 740 747]
[382 387 393 ..., 735 726 704]
[408 396 422 ..., 717 710 719]
[430 428 412 ..., 718 713 718]
[440 439 432 ..., 716 716 708]
[455 465 467 ..., 719 696 704]
[461 454 466 ..., 718 724 697]
[463 479 479 ..., 734 713 672]
[482 476 473 ..., 716 703 700]
[480 497 493 ..., 692 712 733]
[496 483 496 ..., 735 719 692]
[479 483 481 ..., 706 735 695]
[472 495 475 ..., 731 729 700]
[502 486 476 ..., 717 710 678]
[517 527 520 ..., 708 724 708]
[492 496 492 ..., 744 726 707]
[496 508 507 ..., 729 713 723]
[502 510 493 ..., 723 696 720]
[494 515 494 ..., 708 702 708]
[513 513 518 ..., 710 725 687]
[529 510 518 ..., 745 717 698]
[523 528 532 ..., 728 739 737]
[519 528 507 ..., 727 742 719]
[533 514 532 ..., 722 754 700]
[513 525 546 ..., 773 732 705]
[497 523 539 ..., 729 741 719]
[521 528 535 ..., 720 694 707]
[539 551 554 ..., 721 736 721]
[531 544 548 ..., 733 714 696]
[593 556 539 ..., 711 714 688]
[605 566 592 ..., 713 728 690]
[601 565 591 ..., 675 715 693]
[614 592 594 ..., 711 727 719]
[632 592 612 ..., 761 736 726]
[618 603 641 ..., 734 725 706]
[634 630 610 ..., 738 724 702]
[632 611 607 ..., 725 725 689]
[635 647 635 ..., 732 721 700]
[629 627 631 ..., 726 705 687]
[634 632 652 ..., 714 753 727]
[644 635 646 ..., 728 744 746]
[645 666 636 ..., 714 726 704]
[654 628 663 ..., 720 711 715]
[609 639 659 ..., 754 735 728]
[635 627 641 ..., 776 772 782]
[619 631 641 ..., 829 837 789]
[663 620 634 ..., 824 855 816]
[665 631 634 ..., 834 852 833]
[639 637 617 ..., 843 857 847]
[644 647 666 ..., 824 866 836]
[631 662 678 ..., 880 879 866]
[676 665 641 ..., 884 879 864]
[630 644 666 ..., 868 875 915]
[662 642 662 ..., 893 897 886]
[665 631 644 ..., 905 877 851]
[659 648 648 ..., 887 901 846]
[655 652 672 ..., 860 870 862]
[661 651 676 ..., 864 866 891]
[640 659 645 ..., 897 903 876]
[642 644 670 ..., 885 897 867]
[671 638 656 ..., 854 886 849]
[625 652 664 ..., 857 884 880]
[626 669 631 ..., 851 868 851]
[641 648 677 ..., 879 907 850]
[659 668 685 ..., 870 894 901]
[679 671 635 ..., 812 845 850]
[654 680 668 ..., 846 820 840]
[707 670 672 ..., 870 833 828]
[697 688 690 ..., 828 822 878]
[691 691 680 ..., 856 876 891]
[689 699 682 ..., 867 862 831]
[708 693 689 ..., 841 853 852]
[707 701 733 ..., 880 843 857]
[695 718 751 ..., 857 861 853]
[713 730 701 ..., 846 852 894]
[729 744 717 ..., 874 872 849]
[742 721 753 ..., 868 869 892]
[726 730 728 ..., 850 880 867]
[723 707 703 ..., 869 885 856]
[733 729 723 ..., 851 845 873]
[725 697 705 ..., 823 848 872]
[759 729 719 ..., 839 861 851]
[720 712 714 ..., 870 869 873]
[719 714 730 ..., 882 881 858]
[711 723 734 ..., 872 854 868]
[703 720 733 ..., 863 862 856]
[745 716 735 ..., 835 865 842]
[724 753 707 ..., 832 865 847]
[719 740 721 ..., 852 870 848]
[724 722 734 ..., 883 885 872]
[728 728 693 ..., 842 852 878]
[730 703 687 ..., 878 855 835]
[702 732 745 ..., 861 839 850]
[750 740 750 ..., 811 828 844]
[734 753 722 ..., 838 850 867]
[776 746 762 ..., 863 896 853]
[768 758 753 ..., 870 835 844]
[763 783 741 ..., 833 860 862]
[778 783 759 ..., 838 854 885]
[774 799 774 ..., 864 843 835]
[780 766 757 ..., 812 832 852]
[751 800 746 ..., 824 812 804]
[753 786 750 ..., 815 830 824]
[769 762 757 ..., 826 819 831]
[773 766 790 ..., 832 847 820]
[751 783 741 ..., 820 846 821]
[748 790 773 ..., 843 854 827]
[765 739 748 ..., 812 849 856]
[747 767 757 ..., 849 837 804]
[785 779 808 ..., 815 803 831]
[779 772 794 ..., 838 845 855]
[751 763 763 ..., 826 823 843]
[738 764 786 ..., 844 844 868]
[759 766 770 ..., 845 829 797]
[772 776 753 ..., 891 833 865]
[778 764 714 ..., 832 837 835]
[680 715 706 ..., 838 819 824]
[659 693 655 ..., 802 851 839]
[649 648 600 ..., 837 809 843]
[608 616 600 ..., 813 845 821]
[563 587 600 ..., 843 809 849]
[576 551 561 ..., 860 838 805]
[569 550 575 ..., 847 846 826]
[563 551 549 ..., 839 835 840]
[543 551 539 ..., 805 817 839]
[572 568 556 ..., 783 818 792]
[552 563 559 ..., 789 758 780]
[548 539 521 ..., 750 730 733]
[524 519 508 ..., 625 635 627]
[506 492 511 ..., 505 503 479]
[477 484 486 ..., 393 392 389]
[483 473 487 ..., 348 343 320]
[478 461 468 ..., 326 320 322]
[478 472 467 ..., 312 311 316]
[470 459 473 ..., 323 321 320]
[455 456 454 ..., 307 315 302]
[466 457 464 ..., 311 312 300]
[468 490 487 ..., 311 309 314]
[468 460 462 ..., 317 313 306]
[456 465 478 ..., 322 319 312]
[477 472 479 ..., 306 304 313]
[488 446 461 ..., 288 305 316]
[442 475 454 ..., 303 313 312]
[454 467 475 ..., 312 328 320]
[468 485 477 ..., 340 353 341]
[464 474 475 ..., 384 375 377]
[452 452 464 ..., 380 400 392]
[475 432 465 ..., 386 394 383]
[457 454 435 ..., 382 390 379]
[437 438 446 ..., 383 387 384]
[436 437 440 ..., 378 390 378]
[415 432 458 ..., 388 396 395]
[434 429 422 ..., 395 387 409]
[449 446 421 ..., 394 379 400]
[424 430 427 ..., 391 387 396]
[425 444 445 ..., 390 399 389]
[415 411 426 ..., 402 395 398]
[401 415 410 ..., 401 405 389]
[409 393 407 ..., 399 399 391]
[402 398 397 ..., 384 384 388]
[415 411 406 ..., 395 393 384]
[400 392 419 ..., 401 391 401]
[410 387 399 ..., 384 412 408]
[398 402 385 ..., 385 399 381]
[408 402 387 ..., 386 389 398]
[420 410 386 ..., 395 387 381]
[400 395 404 ..., 389 385 400]
[390 407 407 ..., 394 400 393]
[401 409 394 ..., 394 383 386]
[408 396 406 ..., 383 383 396]
[405 403 415 ..., 389 381 383]
[400 391 402 ..., 377 387 384]
[391 406 390 ..., 380 394 394]
[415 415 408 ..., 384 382 394]
[408 384 395 ..., 415 399 383]
[414 406 410 ..., 399 390 392]
[411 418 406 ..., 382 387 381]
[420 410 423 ..., 389 405 394]
[424 408 409 ..., 405 407 407]
[404 408 422 ..., 383 392 398]
[404 404 408 ..., 398 384 394]
[405 425 414 ..., 376 395 394]
[410 411 389 ..., 420 398 388]
[390 407 392 ..., 368 398 403]
[394 396 385 ..., 401 399 397]
[415 395 415 ..., 404 399 401]
[406 420 411 ..., 391 407 391]
[396 411 401 ..., 389 398 397]
[424 401 407 ..., 388 375 405]
[418 414 420 ..., 394 381 398]
[407 406 429 ..., 386 386 377]
[403 393 422 ..., 388 402 400]
[410 401 415 ..., 388 399 406]
[410 416 417 ..., 411 399 392]
[439 423 452 ..., 403 390 392]
[426 417 409 ..., 394 388 399]
[419 418 409 ..., 398 384 387]
[413 424 414 ..., 383 395 410]
[448 393 414 ..., 395 396 411]
[417 418 417 ..., 383 398 394]
[416 428 440 ..., 402 402 402]
[426 404 434 ..., 403 400 395]
[431 426 413 ..., 406 399 389]
[434 407 420 ..., 399 385 396]
[410 414 417 ..., 391 399 389]
[421 405 414 ..., 402 371 378]
[413 414 408 ..., 375 376 408]
[424 416 416 ..., 377 399 375]
[412 417 405 ..., 383 393 406]
[402 395 408 ..., 396 388 383]
[406 396 399 ..., 398 399 384]
[403 399 397 ..., 378 391 394]
[409 399 398 ..., 385 374 379]
[419 399 400 ..., 375 389 392]
[436 410 402 ..., 367 390 373]
[406 402 414 ..., 382 377 397]
[403 405 410 ..., 395 388 410]
[426 392 400 ..., 390 402 380]
[426 401 405 ..., 393 396 397]
[414 415 406 ..., 405 385 399]
[400 409 417 ..., 382 382 382]
[405 424 420 ..., 392 382 371]
[432 428 427 ..., 381 382 398]
[423 417 442 ..., 400 405 387]
[434 404 423 ..., 395 392 386]
[422 407 424 ..., 397 412 392]
[416 400 436 ..., 378 383 405]
[427 419 396 ..., 389 379 376]
[432 412 426 ..., 391 391 384]
[427 420 416 ..., 380 405 390]
[425 418 417 ..., 375 382 390]
[437 436 419 ..., 400 400 385]
[429 424 424 ..., 405 375 380]
[430 433 428 ..., 389 391 376]
[419 427 428 ..., 378 386 379]
[416 413 439 ..., 395 389 384]
[425 427 421 ..., 402 382 390]
[437 412 419 ..., 387 385 393]
[394 422 413 ..., 382 405 383]
[427 419 430 ..., 392 389 387]
[440 445 440 ..., 385 384 375]
[422 430 432 ..., 389 367 370]
[431 447 433 ..., 379 387 388]
[443 446 453 ..., 386 392 384]
[429 443 435 ..., 374 408 407]
[440 433 452 ..., 381 388 408]
[446 437 440 ..., 383 392 394]
[452 439 444 ..., 383 384 406]
[448 433 437 ..., 394 390 403]
[426 424 419 ..., 388 378 395]
[435 440 423 ..., 377 387 381]
[437 435 437 ..., 378 378 380]
[423 425 429 ..., 378 384 398]
[431 420 437 ..., 360 385 386]
[448 422 439 ..., 380 373 389]
[422 418 415 ..., 377 377 390]
[432 421 419 ..., 396 385 391]
[442 417 432 ..., 374 389 394]
[433 429 433 ..., 392 386 385]
[431 431 421 ..., 388 389 385]
[428 406 432 ..., 378 370 385]
[424 433 434 ..., 372 377 383]
[449 432 437 ..., 347 351 361]
[458 458 456 ..., 338 331 329]
[473 471 480 ..., 384 368 382]
[502 531 524 ..., 449 466 471]
[543 532 547 ..., 507 514 518]
[563 568 601 ..., 474 480 458]
[571 611 612 ..., 414 405 423]
[611 622 646 ..., 390 378 371]
[646 640 651 ..., 379 352 381]
[633 632 623 ..., 374 374 374]
[606 599 632 ..., 372 387 375]
[629 614 593 ..., 374 376 361]
[633 635 645 ..., 367 369 382]
[620 616 616 ..., 365 381 372]
[596 587 578 ..., 384 363 387]
[564 572 548 ..., 413 410 383]
[561 564 533 ..., 461 488 472]
[564 545 526 ..., 532 525 531]
[540 541 523 ..., 492 495 500]
[513 522 509 ..., 401 376 361]
[517 503 501 ..., 338 323 326]
[524 526 538 ..., 332 329 323]
[513 522 535 ..., 319 308 320]
[538 510 527 ..., 324 316 316]
[532 543 535 ..., 320 320 324]
[560 537 540 ..., 312 325 313]
[560 576 565 ..., 354 348 334]
[572 546 557 ..., 367 360 356]
[587 590 574 ..., 403 393 374]
[595 592 580 ..., 392 378 388]
[570 569 567 ..., 388 392 394]
[586 577 551 ..., 387 386 383]
[584 560 590 ..., 382 393 386]
[584 579 560 ..., 397 387 392]
[594 577 575 ..., 398 384 405]
[603 576 566 ..., 392 387 409]
[570 588 562 ..., 401 397 386]
[602 595 573 ..., 390 404 399]
[592 567 576 ..., 382 379 392]
[593 576 595 ..., 372 379 371]
[601 576 565 ..., 369 370 370]
[600 594 604 ..., 416 399 408]
[601 595 586 ..., 461 460 458]
[612 599 585 ..., 518 502 507]
[586 580 579 ..., 551 551 555]
[587 589 592 ..., 589 581 589]
[586 582 587 ..., 574 594 600]
[618 598 611 ..., 558 595 569]
[603 591 595 ..., 591 596 591]
[627 665 624 ..., 617 619 598]
[647 663 634 ..., 613 592 609]
[672 691 670 ..., 576 625 574]
[684 693 684 ..., 591 592 593]
[741 758 697 ..., 581 587 614]
[745 746 719 ..., 597 613 612]
[752 734 758 ..., 611 618 620]
[758 755 770 ..., 613 646 622]
[785 774 800 ..., 648 644 613]
[742 795 770 ..., 640 635 642]
[776 784 755 ..., 633 618 628]
[748 747 746 ..., 640 642 626]
[683 749 695 ..., 644 613 628]
[682 691 679 ..., 626 622 608]
[672 672 659 ..., 649 619 618]
[601 634 646 ..., 647 641 653]
[589 601 610 ..., 700 692 673]
[574 566 631 ..., 806 750 739]
[573 585 575 ..., 897 916 832]
[555 551 565 ..., 986 989 866]
[567 586 571 ..., 872 890 861]
[544 561 567 ..., 768 760 736]
[545 552 557 ..., 680 688 649]
[584 570 554 ..., 640 624 655]
[566 557 533 ..., 624 614 602]
[561 553 556 ..., 587 608 627]
[554 560 562 ..., 574 581 611]
[558 559 562 ..., 602 584 592]
[566 553 558 ..., 593 575 592]
[547 561 573 ..., 635 604 576]
[562 563 585 ..., 628 579 584]
[575 577 572 ..., 597 591 629]
[554 573 587 ..., 581 612 599]
[569 579 564 ..., 580 581 573]
[558 596 585 ..., 586 587 583]
[574 575 581 ..., 595 579 564]
[581 576 563 ..., 567 564 585]
[574 579 549 ..., 568 581 569]
[579 579 563 ..., 587 590 561]
[587 563 577 ..., 570 568 547]
[589 570 564 ..., 571 580 571]
[537 602 566 ..., 578 572 563]
[560 564 566 ..., 572 571 558]
[577 569 589 ..., 588 545 575]
[586 584 564 ..., 590 567 571]
[565 569 581 ..., 554 571 566]
[567 548 564 ..., 570 573 547]
[577 579 573 ..., 584 583 607]
[544 550 555 ..., 556 585 576]
[584 573 580 ..., 579 579 589]
[565 571 570 ..., 577 570 583]
[592 564 555 ..., 568 573 580]
[576 570 572 ..., 576 556 574]
[554 582 562 ..., 560 561 567]
[564 572 579 ..., 571 584 583]
[593 570 591 ..., 577 570 574]
[535 560 583 ..., 560 584 580]
[553 557 571 ..., 572 579 558]
[559 576 562 ..., 569 552 560]
[581 565 571 ..., 577 570 587]
[575 570 572 ..., 585 571 566]
[553 584 572 ..., 562 541 566]
[557 588 560 ..., 552 532 560]
[547 584 573 ..., 541 546 558]
[567 599 569 ..., 540 570 579]
[593 576 549 ..., 552 546 537]
[575 566 571 ..., 586 545 532]
[589 572 564 ..., 568 565 544]
[567 558 586 ..., 562 565 562]
[575 571 572 ..., 550 583 540]
[590 590 561 ..., 562 556 552]
[587 593 579 ..., 540 546 553]
[584 561 579 ..., 562 547 557]
[547 565 567 ..., 576 552 560]
[554 574 583 ..., 540 534 544]
[557 576 566 ..., 547 553 564]
[570 560 569 ..., 539 574 532]
[569 572 571 ..., 561 563 546]
[576 583 629 ..., 560 549 545]
[549 558 590 ..., 534 530 562]
[576 576 571 ..., 548 557 549]
[594 583 587 ..., 558 554 552]
[580 580 565 ..., 536 524 538]
[573 594 567 ..., 545 547 547]
[560 595 553 ..., 549 544 547]
[585 587 550 ..., 554 526 533]
[570 578 570 ..., 527 535 528]
[568 562 567 ..., 543 533 542]
[584 556 577 ..., 534 516 538]
[583 576 573 ..., 536 529 540]
[590 603 577 ..., 539 518 525]
[572 594 579 ..., 520 558 538]
[561 579 581 ..., 553 542 549]
[564 575 577 ..., 544 517 525]
[579 584 543 ..., 530 523 511]
[584 590 584 ..., 514 533 530]
[586 585 578 ..., 550 538 554]
[578 586 569 ..., 559 552 522]
[595 600 588 ..., 563 537 536]
[602 574 563 ..., 552 555 558]
[599 581 581 ..., 547 569 566]
[587 566 569 ..., 547 551 549]
[581 582 578 ..., 522 552 536]
[596 578 600 ..., 534 538 529]
[574 590 558 ..., 520 519 521]
[568 570 581 ..., 498 517 493]
[587 579 576 ..., 457 437 451]
[576 569 566 ..., 406 420 424]
[600 576 576 ..., 407 403 410]
[578 581 592 ..., 393 392 396]
[579 589 574 ..., 379 381 395]
[586 586 568 ..., 372 378 378]
[576 592 573 ..., 367 387 380]
[580 572 538 ..., 375 397 380]
[569 585 615 ..., 386 372 397]
[579 575 574 ..., 369 376 389]
[596 589 577 ..., 387 400 394]
[576 585 589 ..., 404 402 378]
[558 595 572 ..., 390 402 393]
[577 576 586 ..., 384 400 409]
[564 580 587 ..., 390 404 393]
[572 581 570 ..., 378 397 388]
[563 602 574 ..., 380 403 396]
[577 577 584 ..., 396 403 404]
[575 574 588 ..., 391 403 403]
[599 600 577 ..., 410 398 394]
[566 574 608 ..., 418 404 399]
[584 554 565 ..., 402 395 385]
[561 589 585 ..., 365 368 364]
[574 566 605 ..., 320 340 337]
[580 608 586 ..., 314 308 306]
[593 589 562 ..., 308 306 310]
[579 554 556 ..., 300 309 304]
[575 577 574 ..., 297 291 293]
[602 598 568 ..., 299 304 308]
[574 563 595 ..., 301 302 307]
[587 559 588 ..., 307 323 306]
[564 567 553 ..., 317 300 312]
[560 584 588 ..., 307 300 305]
[590 552 553 ..., 299 305 311]
[587 556 573 ..., 312 318 304]
[601 626 606 ..., 295 305 297]
[599 633 615 ..., 296 298 311]
[600 622 608 ..., 307 310 300]
[618 593 616 ..., 311 305 305]
[615 630 656 ..., 293 297 310]
[644 638 623 ..., 299 299 301]
[642 622 641 ..., 295 297 293]
[612 657 628 ..., 298 286 291]
[628 632 608 ..., 292 294 300]
[639 646 632 ..., 288 295 287]
[654 675 628 ..., 294 288 286]
[639 637 628 ..., 292 295 284]
[631 652 633 ..., 287 290 282]
[623 634 629 ..., 280 291 293]
[623 627 648 ..., 298 290 293]
[634 626 652 ..., 296 289 284]
[627 645 638 ..., 291 290 292]
[626 609 630 ..., 288 305 289]
[638 632 635 ..., 291 285 287]
[668 650 629 ..., 292 286 287]
[648 637 621 ..., 285 283 288]
[632 634 618 ..., 278 281 297]
[646 628 645 ..., 284 289 294]
[632 653 647 ..., 288 285 292]
[631 642 630 ..., 288 297 290]
[607 624 651 ..., 296 288 285]
[603 617 637 ..., 291 287 291]
[618 665 645 ..., 293 296 297]
[647 615 654 ..., 302 305 307]
[636 640 641 ..., 333 316 317]
[628 647 642 ..., 351 363 369]
[619 638 665 ..., 463 458 459]
[614 610 621 ..., 623 600 599]
[665 622 656 ..., 820 804 768]
[ 646  653  617 ..., 1005 1030  986]
[ 652  653  633 ..., 1044 1066 1065]
[ 655  637  621 ..., 1103 1089 1088]
[ 633  642  613 ..., 1045 1033 1054]
[615 612 635 ..., 939 908 965]
[629 607 641 ..., 811 791 807]
[618 632 634 ..., 716 708 692]
[621 632 631 ..., 634 640 648]
[625 647 630 ..., 564 559 586]
[639 659 655 ..., 512 510 498]
[630 636 638 ..., 453 465 476]
[622 616 641 ..., 445 465 446]
[640 645 645 ..., 433 429 437]
[634 632 624 ..., 408 443 426]
[639 626 611 ..., 424 417 411]
[656 654 664 ..., 409 413 409]
[635 629 638 ..., 384 391 386]
[644 627 660 ..., 393 393 407]
[613 643 645 ..., 423 402 417]
[614 652 644 ..., 403 399 403]
[645 635 612 ..., 393 382 397]
[630 618 649 ..., 390 372 370]
[638 639 644 ..., 378 361 371]
[657 617 606 ..., 370 362 373]
[631 643 618 ..., 379 380 382]
[620 655 629 ..., 359 384 385]
[658 647 615 ..., 366 359 357]
[645 656 630 ..., 361 363 351]
[628 672 647 ..., 362 359 349]
[632 632 640 ..., 354 366 351]
[636 620 628 ..., 355 365 363]
[673 640 633 ..., 361 367 380]
[651 651 639 ..., 361 350 355]
[651 633 629 ..., 357 373 350]
[665 593 626 ..., 372 353 355]
[640 612 628 ..., 353 358 364]
[644 657 666 ..., 357 350 350]
[629 639 639 ..., 355 344 349]
[633 624 643 ..., 366 365 365]
[637 641 614 ..., 353 352 351]
[612 626 642 ..., 331 332 321]
[638 622 631 ..., 346 357 355]
[626 625 642 ..., 427 403 393]
[642 630 651 ..., 454 435 405]
[648 645 642 ..., 410 407 383]
[620 641 653 ..., 383 382 353]
[636 643 640 ..., 363 355 349]
[643 655 668 ..., 349 356 360]
[623 606 652 ..., 368 353 337]
[611 594 668 ..., 366 352 345]
[622 634 615 ..., 353 358 351]
[645 648 635 ..., 350 363 370]
[617 636 630 ..., 363 357 350]
[639 645 656 ..., 369 366 365]
[644 619 644 ..., 359 358 358]
[640 631 634 ..., 339 364 360]
[620 623 656 ..., 355 359 357]
[648 642 638 ..., 351 343 361]
[675 628 614 ..., 351 356 355]
[664 611 641 ..., 364 373 373]
[625 638 651 ..., 362 359 354]
[639 657 645 ..., 370 364 349]
[657 645 640 ..., 353 349 365]
[646 640 651 ..., 364 356 350]
[655 628 654 ..., 348 347 349]
[662 630 640 ..., 356 374 352]
[652 633 634 ..., 348 354 365]
[658 639 633 ..., 359 335 353]
[619 651 679 ..., 366 363 341]
[638 621 632 ..., 361 364 351]
[647 637 638 ..., 361 364 367]
[674 644 637 ..., 372 358 349]
[662 634 622 ..., 350 350 353]
[642 625 614 ..., 349 355 361]
[660 630 654 ..., 350 353 349]
[655 654 640 ..., 363 370 353]
[637 651 642 ..., 353 356 349]
[644 615 629 ..., 356 358 363]
[650 638 645 ..., 358 352 344]
[634 647 625 ..., 364 361 343]
[624 634 659 ..., 356 352 360]
[641 650 646 ..., 348 363 357]
[661 633 629 ..., 346 356 358]
[643 635 624 ..., 349 353 363]
[669 629 637 ..., 361 368 366]
[646 660 652 ..., 349 356 364]
[636 617 644 ..., 350 353 352]
[633 657 650 ..., 360 347 359]
[646 649 622 ..., 354 369 355]
[627 617 632 ..., 366 350 349]
[631 645 655 ..., 368 360 349]
[622 639 645 ..., 365 357 361]
[634 665 658 ..., 358 361 362]
[643 635 618 ..., 357 366 346]
[647 629 644 ..., 342 351 362]
[656 637 630 ..., 343 358 358]
[627 639 648 ..., 352 362 357]
[639 638 607 ..., 366 356 372]
[653 640 644 ..., 365 360 363]
[627 626 655 ..., 360 358 361]
[612 637 634 ..., 349 350 357]
[641 648 627 ..., 351 343 355]
[648 634 641 ..., 352 364 363]
[652 603 636 ..., 350 355 367]
[621 609 640 ..., 370 372 365]
[627 640 647 ..., 365 359 360]
[638 620 642 ..., 343 356 366]
[618 649 642 ..., 359 364 364]
[656 610 659 ..., 362 354 354]
[607 627 613 ..., 372 354 352]
[661 612 609 ..., 355 361 352]
[615 618 615 ..., 360 350 347]
[613 618 582 ..., 354 356 335]
[591 583 597 ..., 347 351 362]
[602 604 599 ..., 363 357 374]
[611 599 640 ..., 350 358 358]
[596 599 604 ..., 362 350 350]
[600 592 596 ..., 344 349 348]
[596 605 600 ..., 340 350 359]
[580 584 587 ..., 359 349 370]
[598 569 593 ..., 376 350 363]
[592 576 581 ..., 340 349 367]
[593 571 604 ..., 351 354 357]
[598 588 571 ..., 359 350 363]
[565 612 622 ..., 358 356 351]
[590 593 605 ..., 366 359 350]
[610 579 589 ..., 358 364 336]
[617 596 621 ..., 366 358 352]
[602 603 612 ..., 367 357 355]
[576 603 619 ..., 353 346 366]
[607 606 627 ..., 358 348 347]
[594 612 628 ..., 350 359 358]
[590 585 595 ..., 358 347 355]
[587 586 598 ..., 363 346 354]
[600 586 608 ..., 345 345 352]
[581 597 604 ..., 354 344 351]
[597 594 616 ..., 340 351 351]
[601 576 587 ..., 363 346 353]
[610 582 599 ..., 364 360 353]
[595 564 595 ..., 352 349 358]
[570 585 588 ..., 366 350 357]
[583 594 611 ..., 352 361 362]
[591 601 604 ..., 342 359 347]
[591 603 608 ..., 362 350 357]
[594 605 596 ..., 361 355 353]
[587 608 607 ..., 358 360 354]
[598 591 603 ..., 370 346 351]
[599 604 590 ..., 344 343 356]
[593 632 596 ..., 354 344 349]
[596 615 600 ..., 354 350 362]
[606 610 596 ..., 363 355 355]
[596 586 617 ..., 361 350 353]
[607 628 631 ..., 352 349 344]
[598 605 597 ..., 353 346 367]
[626 630 595 ..., 352 358 350]
[619 615 623 ..., 366 352 358]
[564 601 605 ..., 351 353 360]
[577 606 599 ..., 355 355 356]
[567 606 616 ..., 339 352 334]
[581 592 611 ..., 366 363 361]
[608 580 606 ..., 354 365 363]
[593 591 634 ..., 353 361 358]
[577 602 588 ..., 348 359 353]
[609 599 630 ..., 354 353 349]
[594 585 591 ..., 359 349 356]
[609 599 614 ..., 347 368 354]
[591 588 610 ..., 357 365 358]
[565 590 606 ..., 357 356 352]
[610 606 612 ..., 367 361 356]
[629 584 616 ..., 361 358 349]
[605 593 591 ..., 361 360 350]
[589 609 620 ..., 369 349 357]
[584 601 608 ..., 358 358 365]
[587 573 598 ..., 364 352 363]
[594 594 624 ..., 347 364 360]
[579 602 606 ..., 350 362 365]
[575 567 641 ..., 346 369 354]
[590 584 618 ..., 345 356 338]
[568 576 597 ..., 350 356 356]
[594 599 580 ..., 354 355 355]
[566 576 606 ..., 367 372 355]
[597 586 610 ..., 358 352 354]
[610 613 614 ..., 347 359 355]
[571 602 614 ..., 362 354 350]
[584 587 613 ..., 362 360 366]
[584 603 603 ..., 357 363 348]
[589 602 603 ..., 362 369 347]
[606 598 619 ..., 362 363 356]
[589 575 616 ..., 340 350 353]
[557 577 599 ..., 344 350 365]
[564 550 606 ..., 349 359 379]
[590 578 584 ..., 348 357 357]
[591 574 592 ..., 350 350 359]
[581 570 597 ..., 352 354 354]
[595 573 573 ..., 346 346 344]
[590 605 583 ..., 361 339 362]
[590 581 606 ..., 338 337 354]
[587 582 618 ..., 341 349 345]
[601 613 606 ..., 358 364 357]
[585 608 613 ..., 357 353 349]
[591 581 621 ..., 358 347 336]
[583 594 623 ..., 353 347 352]
[577 584 621 ..., 339 344 358]
[589 599 617 ..., 349 348 348]
[589 615 645 ..., 351 341 345]
[587 613 618 ..., 352 356 346]
[606 578 616 ..., 359 352 349]
[601 573 634 ..., 354 346 358]
[553 590 615 ..., 354 362 347]
[599 581 607 ..., 351 352 346]
[597 604 591 ..., 351 363 360]
[590 568 621 ..., 348 362 340]
[598 602 604 ..., 366 358 350]
[587 593 613 ..., 359 347 352]
[596 577 627 ..., 357 345 338]
[613 593 610 ..., 355 351 341]
[588 597 599 ..., 353 353 356]
[577 595 615 ..., 349 347 362]
[619 578 615 ..., 344 352 353]
[607 567 628 ..., 329 352 342]
[586 586 623 ..., 345 354 357]
[626 602 595 ..., 358 352 341]
[603 613 598 ..., 349 346 348]
[572 601 591 ..., 354 354 365]
[600 563 617 ..., 338 353 362]
[615 593 606 ..., 346 361 343]
[597 577 618 ..., 353 358 359]
[610 592 608 ..., 348 356 337]
[595 551 612 ..., 359 349 344]
[578 587 611 ..., 361 359 351]
[595 584 616 ..., 352 358 357]
[569 576 599 ..., 365 350 364]
[586 579 627 ..., 344 335 341]
[599 609 602 ..., 343 341 355]
[583 561 610 ..., 349 345 353]
[609 593 613 ..., 344 357 339]
[597 580 619 ..., 355 344 349]
[576 588 649 ..., 348 343 363]
[571 571 594 ..., 345 348 354]
[580 566 628 ..., 338 342 348]
[604 576 605 ..., 339 338 350]
[595 595 618 ..., 341 346 349]
[604 564 609 ..., 354 351 343]
[570 580 626 ..., 356 350 352]
[576 590 636 ..., 353 344 353]
[579 581 609 ..., 349 347 349]
[576 580 610 ..., 347 336 341]
[570 599 621 ..., 343 344 349]
[573 581 606 ..., 356 350 342]
[602 585 627 ..., 344 343 352]
[582 594 615 ..., 346 351 351]
[575 571 601 ..., 356 350 349]
[602 600 600 ..., 335 334 345]
[597 588 607 ..., 348 340 332]
[574 580 605 ..., 346 349 338]
[590 576 612 ..., 353 345 345]
[599 592 611 ..., 343 337 346]
[573 604 611 ..., 332 340 337]
[566 596 602 ..., 326 342 341]
[590 559 599 ..., 320 312 313]
[584 585 608 ..., 317 316 321]
[548 558 607 ..., 335 348 338]
[577 576 615 ..., 454 419 417]
[582 617 644 ..., 482 456 463]
[570 575 613 ..., 471 433 438]
[560 569 579 ..., 375 377 370]
[598 567 596 ..., 357 353 349]
[568 579 596 ..., 343 350 358]
[579 585 639 ..., 363 341 342]
[571 595 622 ..., 335 332 336]
[576 565 632 ..., 341 348 332]
[595 576 607 ..., 348 357 340]
[589 560 599 ..., 340 346 350]
[566 596 622 ..., 335 345 362]
[585 576 622 ..., 355 341 349]
[595 576 628 ..., 356 345 339]
[579 573 629 ..., 349 342 333]
[554 588 599 ..., 339 335 349]
[585 589 609 ..., 334 346 340]
[569 597 620 ..., 355 345 351]
[560 577 647 ..., 359 340 345]
[567 568 613 ..., 337 354 342]
[584 580 619 ..., 373 359 343]
[563 605 616 ..., 346 349 339]
[593 626 613 ..., 350 356 342]
[584 599 621 ..., 347 353 351]
[587 599 626 ..., 345 352 368]
[576 586 603 ..., 342 346 353]
[589 572 605 ..., 327 331 347]
[578 603 613 ..., 348 334 346]
[572 592 611 ..., 345 342 344]
[549 584 624 ..., 353 350 346]
[576 562 597 ..., 344 336 339]
[586 562 605 ..., 335 344 341]
[582 569 612 ..., 333 347 358]
[553 584 623 ..., 348 356 349]
[589 593 607 ..., 335 340 340]
[562 563 604 ..., 341 339 341]
[564 577 590 ..., 350 351 350]
[568 571 628 ..., 347 346 349]
[556 590 593 ..., 341 349 346]
[555 560 595 ..., 354 348 339]
[566 595 614 ..., 350 335 346]
[571 593 610 ..., 361 354 350]
[595 602 599 ..., 345 357 347]
[585 602 626 ..., 335 350 331]
[570 581 619 ..., 341 343 342]
[568 574 606 ..., 350 373 341]
[594 576 621 ..., 354 356 335]
[571 550 579 ..., 344 353 334]
[577 565 598 ..., 352 342 345]
[574 595 609 ..., 346 339 330]
[578 577 598 ..., 342 331 337]
[580 592 592 ..., 341 355 343]
[578 602 605 ..., 353 338 346]
[578 586 626 ..., 353 357 345]
[579 584 595 ..., 349 336 350]
[571 558 627 ..., 335 342 346]
[595 557 580 ..., 346 338 336]
[576 556 570 ..., 346 353 345]
[560 577 592 ..., 339 353 340]
[565 579 605 ..., 339 342 343]
[565 563 598 ..., 344 347 356]
[549 587 593 ..., 353 339 340]
[580 582 616 ..., 329 350 331]
[572 573 598 ..., 347 348 336]
[565 571 583 ..., 340 358 336]
[562 582 599 ..., 357 353 346]
[573 575 586 ..., 343 343 337]
[546 575 611 ..., 340 354 340]
[567 569 592 ..., 357 342 347]
[558 563 579 ..., 339 336 337]
[540 592 599 ..., 336 341 332]
[554 573 618 ..., 357 340 350]
[565 598 609 ..., 345 342 345]
[568 596 611 ..., 350 347 340]
[569 553 599 ..., 351 357 344]
[569 563 601 ..., 343 353 341]
[594 542 585 ..., 344 344 345]
[585 564 599 ..., 352 353 339]
[584 577 618 ..., 340 340 341]
[571 601 586 ..., 349 352 342]
[577 588 592 ..., 363 344 345]
[559 592 603 ..., 343 339 339]
[566 567 575 ..., 351 354 352]
[562 578 607 ..., 346 356 360]
[581 577 601 ..., 343 344 345]
[569 591 608 ..., 341 348 349]
[587 589 586 ..., 353 349 339]
[585 585 572 ..., 341 355 347]
[600 584 597 ..., 345 352 347]
[577 589 612 ..., 346 344 328]
[540 549 601 ..., 339 354 345]
[555 599 581 ..., 340 339 354]
[545 598 585 ..., 348 349 364]
[569 585 590 ..., 340 352 377]
[560 569 604 ..., 349 373 355]
[575 563 592 ..., 342 349 365]
[584 569 578 ..., 339 348 342]
[550 566 580 ..., 354 350 348]
[551 575 591 ..., 345 348 354]
[570 592 616 ..., 366 357 356]
[599 593 605 ..., 346 346 343]
[581 579 574 ..., 345 337 345]
[565 572 577 ..., 339 344 349]
[568 573 578 ..., 350 348 347]
[577 583 543 ..., 345 343 341]
[585 580 581 ..., 333 350 357]
[595 572 593 ..., 343 342 335]
[577 575 605 ..., 341 346 349]
[602 572 594 ..., 346 350 340]
[590 561 596 ..., 341 344 346]
[550 567 545 ..., 338 348 354]
[550 562 585 ..., 340 341 350]
[567 560 594 ..., 337 346 335]
[554 559 574 ..., 343 342 355]
[569 564 558 ..., 345 350 347]
[575 573 592 ..., 362 356 358]
[576 565 584 ..., 354 356 347]
[554 533 551 ..., 362 354 343]
[575 567 573 ..., 353 355 351]
[586 581 588 ..., 342 336 348]
[582 583 579 ..., 342 338 353]
[554 567 579 ..., 346 332 346]
[570 559 571 ..., 367 348 345]
[582 592 569 ..., 353 347 348]
[577 548 584 ..., 349 340 343]
[550 548 601 ..., 358 344 346]
[551 566 597 ..., 352 345 356]
[564 579 567 ..., 345 347 340]
[567 569 567 ..., 351 349 355]
[554 568 569 ..., 344 328 349]
[557 571 578 ..., 343 338 349]
[552 550 584 ..., 355 349 356]
[554 555 570 ..., 346 363 343]
[546 575 598 ..., 339 343 343]
[540 566 574 ..., 353 338 346]
[518 547 592 ..., 344 332 342]
[556 550 587 ..., 343 332 337]
[583 555 561 ..., 352 342 348]
[568 558 560 ..., 348 337 347]
[528 555 561 ..., 366 347 334]
[546 554 592 ..., 357 339 346]
[566 563 600 ..., 344 341 356]
[544 580 569 ..., 349 354 343]
[564 564 573 ..., 345 343 336]
[551 573 574 ..., 346 348 345]
[560 572 574 ..., 342 337 337]
[550 558 555 ..., 357 339 345]
[550 542 551 ..., 358 353 342]
[561 558 551 ..., 349 341 342]
[555 560 569 ..., 346 347 350]
[575 578 566 ..., 348 349 337]
[550 596 560 ..., 363 342 354]
[553 556 563 ..., 348 341 353]
[541 544 552 ..., 343 353 348]
[546 552 545 ..., 342 329 367]
[542 558 581 ..., 344 350 354]
[564 596 597 ..., 347 350 353]
[589 556 568 ..., 349 351 355]
[546 548 577 ..., 359 344 339]
[577 540 561 ..., 352 338 340]
[568 581 582 ..., 356 339 330]
[561 548 556 ..., 342 336 358]
[547 584 548 ..., 340 338 350]
[559 553 559 ..., 337 354 345]
[548 570 577 ..., 340 342 349]
[557 558 553 ..., 358 350 341]
[539 566 546 ..., 350 337 330]
[571 554 565 ..., 351 346 343]
[573 597 570 ..., 338 349 328]
[544 541 549 ..., 330 348 342]
[560 547 564 ..., 341 338 358]
[535 556 577 ..., 338 338 345]
[566 546 563 ..., 357 357 338]
[539 542 540 ..., 349 340 344]
[539 551 538 ..., 345 342 347]
[559 542 558 ..., 349 344 342]
[536 555 550 ..., 333 342 337]
[539 527 536 ..., 347 329 346]
[544 536 550 ..., 333 326 337]
[541 559 567 ..., 344 355 335]
[550 548 544 ..., 358 346 342]
[569 537 570 ..., 347 332 343]
[544 541 536 ..., 329 349 341]
[548 558 547 ..., 336 352 342]
[554 549 556 ..., 362 344 352]
[561 542 537 ..., 359 343 341]
[545 530 567 ..., 335 340 354]
[504 561 549 ..., 351 340 338]
[524 557 558 ..., 338 334 333]
[541 538 519 ..., 337 338 352]
[529 560 534 ..., 340 333 344]
[535 536 558 ..., 348 328 347]
[550 537 553 ..., 346 342 345]
[545 528 537 ..., 339 331 343]
[532 525 549 ..., 340 343 332]
[526 540 548 ..., 341 335 335]
[545 540 542 ..., 346 333 336]
[528 550 544 ..., 337 344 341]
[532 537 551 ..., 345 345 341]
[547 514 563 ..., 327 358 335]
[529 548 565 ..., 334 336 347]
[534 533 547 ..., 334 343 339]
[548 570 537 ..., 349 339 340]
[529 526 545 ..., 350 344 337]
[528 547 547 ..., 330 340 332]
[533 555 524 ..., 335 348 339]
[543 521 536 ..., 357 336 347]
[539 531 544 ..., 345 346 330]
[534 532 545 ..., 337 338 338]
[524 522 528 ..., 347 330 335]
[519 522 549 ..., 333 347 328]
[532 545 542 ..., 336 341 335]
[513 535 551 ..., 338 343 339]
[536 531 541 ..., 331 346 336]
[536 536 542 ..., 341 337 335]
[521 532 533 ..., 326 343 343]
[546 515 548 ..., 340 343 336]
[543 552 545 ..., 343 357 340]
[523 544 541 ..., 350 342 336]
[512 547 545 ..., 347 344 332]
[515 509 547 ..., 334 337 346]
[527 526 535 ..., 332 347 337]
[516 538 535 ..., 357 341 344]
[538 521 532 ..., 360 335 347]
[517 529 542 ..., 329 338 330]
[519 503 532 ..., 346 321 325]
[514 540 522 ..., 343 345 338]
[533 507 529 ..., 346 331 335]
[524 514 530 ..., 333 341 342]
[519 521 546 ..., 350 340 341]
[540 522 543 ..., 337 347 338]
[504 517 523 ..., 348 341 337]
[526 533 535 ..., 333 339 341]
[508 517 528 ..., 334 343 333]
[523 523 521 ..., 338 341 352]
[515 521 538 ..., 356 353 338]
[528 511 519 ..., 330 336 339]
[526 550 533 ..., 324 350 353]
[528 513 536 ..., 340 344 338]
[528 532 506 ..., 336 341 339]
[561 506 515 ..., 357 345 341]
[525 542 534 ..., 356 336 340]
[538 525 534 ..., 337 349 339]
[503 503 517 ..., 339 360 334]
[507 521 496 ..., 337 343 354]
[502 502 506 ..., 341 339 341]
[516 481 488 ..., 326 336 326]
[496 505 513 ..., 329 338 354]
[496 510 513 ..., 357 343 359]
[529 505 503 ..., 343 339 346]
[521 520 499 ..., 335 338 338]
[507 515 526 ..., 342 332 345]
[540 534 525 ..., 330 350 329]
[540 513 539 ..., 332 346 336]
[522 522 547 ..., 342 351 340]
[548 533 545 ..., 337 346 344]
[523 551 559 ..., 335 332 330]
[547 533 516 ..., 329 336 332]
[513 535 524 ..., 335 336 352]
[533 530 532 ..., 331 337 343]
[530 545 532 ..., 333 346 341]
[524 558 522 ..., 322 339 339]
[535 524 529 ..., 334 328 337]
[539 532 565 ..., 330 326 333]
[542 533 572 ..., 337 343 346]
[531 524 575 ..., 343 334 335]
[566 528 568 ..., 345 338 325]
[545 564 550 ..., 332 340 331]
[550 552 557 ..., 349 336 330]
[550 567 550 ..., 348 336 335]
[552 573 538 ..., 343 341 342]
[549 543 566 ..., 340 337 334]
[550 565 570 ..., 334 333 341]
[586 574 561 ..., 331 340 331]
[550 552 539 ..., 342 323 326]
[567 555 565 ..., 335 343 348]
[566 555 531 ..., 336 340 352]
[563 565 565 ..., 341 347 347]
[572 538 582 ..., 343 343 340]
[558 545 511 ..., 337 334 340]
[539 507 560 ..., 334 331 331]
[529 550 554 ..., 345 326 334]
[527 545 548 ..., 337 328 328]
[518 555 546 ..., 327 339 341]
[542 546 527 ..., 332 347 323]
[511 499 532 ..., 344 354 344]
[517 497 527 ..., 351 336 333]
[520 508 545 ..., 338 338 341]
[507 501 513 ..., 338 337 336]
[526 513 526 ..., 338 326 333]
[516 507 527 ..., 339 334 338]
[557 521 534 ..., 339 333 329]
[558 546 546 ..., 350 340 338]
[563 542 552 ..., 351 327 348]
[558 556 559 ..., 347 347 346]
[538 542 563 ..., 317 345 341]
[521 544 556 ..., 326 348 334]
[562 574 545 ..., 352 337 338]
[549 560 550 ..., 338 339 337]
[538 545 535 ..., 334 339 345]
[547 538 554 ..., 334 345 354]
[540 539 534 ..., 328 351 343]
[538 540 550 ..., 335 335 359]
[532 532 511 ..., 348 340 358]
[533 541 539 ..., 357 333 331]
[557 570 533 ..., 358 332 335]
[540 534 535 ..., 343 346 347]
[517 544 532 ..., 334 335 346]
[543 558 531 ..., 340 328 341]
[534 531 546 ..., 342 331 331]
[546 548 544 ..., 345 339 337]
[518 532 562 ..., 334 351 339]
[512 531 544 ..., 340 333 341]
[511 512 516 ..., 337 338 347]
[524 514 511 ..., 339 348 344]
[505 513 525 ..., 332 338 334]
[510 503 535 ..., 337 335 336]
[496 533 524 ..., 351 346 347]
[524 521 517 ..., 343 339 353]
[526 507 526 ..., 349 338 337]
[542 511 541 ..., 337 330 330]
[509 511 525 ..., 341 332 324]
[498 508 546 ..., 337 338 339]
[539 541 531 ..., 337 337 332]
[535 546 560 ..., 329 326 337]
[534 522 543 ..., 327 343 333]
[544 534 541 ..., 347 337 326]
[542 538 545 ..., 342 339 326]
[536 553 530 ..., 350 342 343]
[544 534 525 ..., 340 344 346]
[530 554 566 ..., 332 341 329]
[552 532 531 ..., 345 349 329]
[541 533 532 ..., 335 341 334]
[557 544 558 ..., 340 333 346]
[545 556 559 ..., 339 344 342]
[530 536 548 ..., 338 343 338]
[536 556 524 ..., 335 346 336]
[550 534 533 ..., 335 339 337]
[520 512 527 ..., 339 339 342]
[541 546 539 ..., 337 328 341]
[530 528 558 ..., 334 343 336]
[530 529 544 ..., 339 337 337]
[515 515 534 ..., 337 341 344]
[524 539 519 ..., 353 341 330]
[516 531 520 ..., 322 338 340]
[518 537 538 ..., 350 348 338]
[530 510 544 ..., 336 333 330]
[528 522 538 ..., 335 342 330]
[540 546 541 ..., 334 334 340]
[541 571 546 ..., 336 354 339]
[530 533 545 ..., 347 330 339]
[526 536 533 ..., 329 336 338]
[536 553 536 ..., 329 339 332]
[545 541 532 ..., 332 322 325]
[538 548 543 ..., 342 335 333]
[546 561 559 ..., 327 336 324]
[524 543 547 ..., 338 344 337]
[540 556 547 ..., 344 347 337]
[561 563 560 ..., 336 342 342]
[552 558 542 ..., 336 345 340]
[536 552 546 ..., 341 328 333]
[567 559 547 ..., 344 327 333]
[564 518 555 ..., 337 339 341]
[548 522 564 ..., 342 342 341]
[533 554 559 ..., 348 334 357]
[532 533 544 ..., 334 323 321]
[550 574 527 ..., 320 331 347]
[572 536 511 ..., 341 335 333]
[551 559 555 ..., 329 336 334]
[552 556 541 ..., 337 333 328]
[556 528 543 ..., 332 324 335]
[538 551 552 ..., 327 327 327]
[567 558 569 ..., 348 341 341]
[537 554 575 ..., 345 338 347]
[563 551 585 ..., 344 342 330]
[548 542 580 ..., 331 338 356]
[513 543 574 ..., 332 339 344]
[538 520 576 ..., 338 342 343]
[540 539 530 ..., 332 333 332]
[575 555 528 ..., 341 323 340]
[551 547 583 ..., 344 332 329]
[538 529 567 ..., 343 333 327]
[535 544 551 ..., 327 334 334]
[532 549 542 ..., 330 337 332]
[547 550 549 ..., 338 327 333]
[564 544 527 ..., 331 343 332]
[557 553 554 ..., 331 347 329]
[569 560 566 ..., 339 338 336]
[560 565 571 ..., 331 337 347]
[581 587 573 ..., 330 333 335]
[541 563 557 ..., 340 334 332]
[551 571 550 ..., 338 334 337]
[546 560 532 ..., 331 324 343]
[555 545 559 ..., 334 334 335]
[576 551 576 ..., 335 332 333]
[549 588 556 ..., 341 344 335]
[561 524 576 ..., 331 328 315]
[579 581 573 ..., 339 324 343]
[578 599 576 ..., 336 334 346]
[561 583 582 ..., 326 327 346]
[595 581 602 ..., 339 322 321]
[587 590 614 ..., 347 341 341]
[590 592 609 ..., 344 335 327]
[582 558 575 ..., 340 359 314]
[556 548 537 ..., 343 336 327]
[554 574 550 ..., 338 331 330]
[558 576 541 ..., 327 338 343]
[540 568 546 ..., 332 332 339]
[534 548 555 ..., 333 343 349]
[528 522 535 ..., 324 338 341]
[540 539 546 ..., 342 331 336]
[535 554 556 ..., 330 331 336]
[558 548 563 ..., 320 331 340]
[542 529 547 ..., 328 334 339]
[555 550 529 ..., 339 335 332]
[562 572 547 ..., 335 330 327]
[561 590 571 ..., 330 324 346]
[546 567 579 ..., 329 331 338]
[582 561 573 ..., 337 332 346]
[585 578 565 ..., 334 341 330]
[584 581 581 ..., 348 329 329]
[598 583 589 ..., 333 351 321]
[586 595 572 ..., 322 322 316]
[569 581 580 ..., 326 337 324]
[581 560 572 ..., 338 336 323]
[548 561 554 ..., 333 320 338]
[558 556 568 ..., 317 329 331]
[568 569 565 ..., 326 325 336]
[566 554 565 ..., 335 330 318]
[554 559 581 ..., 320 329 324]
[576 579 562 ..., 321 330 326]
[557 576 552 ..., 341 341 334]
[566 580 589 ..., 337 332 334]
[575 560 551 ..., 326 325 324]
[590 574 547 ..., 329 339 334]
[568 565 585 ..., 351 328 344]
[569 565 548 ..., 328 337 329]
[565 567 601 ..., 331 322 341]
[548 561 581 ..., 338 334 328]
[560 573 567 ..., 331 325 328]
[537 560 544 ..., 322 322 306]
[523 526 543 ..., 340 322 332]
[512 531 542 ..., 328 324 345]
[539 514 537 ..., 317 319 330]
[518 518 529 ..., 335 319 318]
[543 527 534 ..., 332 328 324]
[533 538 554 ..., 337 329 331]
[517 538 554 ..., 339 331 333]
[526 535 525 ..., 336 332 327]
[544 537 540 ..., 329 333 337]
[571 557 566 ..., 338 326 325]
[566 574 555 ..., 328 339 328]
[575 565 545 ..., 328 333 336]
[572 568 577 ..., 324 332 344]
[575 555 567 ..., 336 332 331]
[558 587 577 ..., 328 330 341]
[568 565 579 ..., 339 327 329]
[546 569 584 ..., 338 340 336]
[567 558 579 ..., 325 329 332]
[581 568 557 ..., 338 337 315]
[566 570 580 ..., 329 326 326]
[562 601 592 ..., 335 325 324]
[575 593 587 ..., 329 336 308]
[546 569 580 ..., 337 343 339]
[571 541 560 ..., 329 320 320]
[550 561 557 ..., 341 329 337]
[547 553 555 ..., 333 332 328]
[537 545 550 ..., 340 340 329]
[558 542 569 ..., 341 344 323]
[534 556 536 ..., 338 322 330]
[545 573 552 ..., 333 338 335]
[520 556 550 ..., 326 318 326]
[545 528 537 ..., 327 323 332]
[528 561 562 ..., 334 338 325]
[533 565 536 ..., 328 335 343]
[579 568 546 ..., 324 329 326]
[579 584 562 ..., 335 319 326]
[570 573 584 ..., 316 330 318]
[599 600 585 ..., 336 333 324]
[592 555 547 ..., 394 381 377]
[593 586 574 ..., 439 452 428]
[591 597 574 ..., 383 387 413]
[636 587 598 ..., 313 322 336]
[602 590 610 ..., 296 304 306]
[612 585 629 ..., 300 303 299]
[580 629 639 ..., 290 298 293]
[603 605 609 ..., 299 294 292]
[620 590 598 ..., 293 304 291]
[625 612 608 ..., 304 295 297]
[629 599 618 ..., 297 296 298]
[575 594 588 ..., 295 294 295]
[594 592 592 ..., 294 294 292]
[566 599 587 ..., 292 290 292]
[561 579 555 ..., 288 296 305]
[578 584 556 ..., 292 290 296]
[591 592 592 ..., 299 307 291]
[565 566 585 ..., 302 309 306]
[563 555 596 ..., 296 304 314]
[561 569 577 ..., 294 295 296]
[576 565 583 ..., 283 286 293]
[571 557 588 ..., 283 290 281]
[581 579 591 ..., 293 291 284]
[580 566 574 ..., 296 286 296]
[553 562 556 ..., 294 297 297]
[573 568 584 ..., 296 288 283]
[564 575 563 ..., 285 288 293]
[573 577 570 ..., 296 286 290]
[576 566 558 ..., 297 298 299]
[545 571 555 ..., 301 297 288]
[566 544 581 ..., 293 291 284]
[571 573 554 ..., 288 294 291]
[543 576 580 ..., 288 289 288]
[563 576 584 ..., 284 285 293]
[553 578 590 ..., 290 295 292]
[567 555 581 ..., 295 291 294]
[574 556 593 ..., 290 287 289]
[550 567 578 ..., 294 297 284]
[565 589 573 ..., 292 290 282]
[568 554 559 ..., 295 286 286]
[529 552 540 ..., 285 286 292]
[552 551 569 ..., 282 287 287]
[536 533 564 ..., 303 282 289]
[551 558 542 ..., 286 295 292]
[551 566 551 ..., 284 292 284]
[552 563 576 ..., 284 283 292]
[558 550 565 ..., 289 278 294]
[540 552 553 ..., 278 288 298]
[557 548 574 ..., 293 297 301]
[568 560 585 ..., 298 302 295]
[575 570 583 ..., 299 293 290]
[583 583 573 ..., 299 291 296]
[581 560 574 ..., 300 297 305]
[592 568 572 ..., 293 292 297]
[548 546 562 ..., 296 298 297]
[571 532 536 ..., 304 298 308]
[547 556 551 ..., 294 299 298]
[540 542 547 ..., 307 303 303]
[595 550 545 ..., 307 299 303]
[550 548 538 ..., 304 294 292]
[539 523 545 ..., 303 310 307]
[547 536 540 ..., 322 313 304]
[528 534 528 ..., 338 335 344]
[504 549 522 ..., 390 399 381]
[498 531 551 ..., 438 427 425]
[510 526 561 ..., 492 464 457]
[538 553 546 ..., 539 523 510]
[546 559 542 ..., 674 618 617]
[534 541 532 ..., 808 780 756]
[ 538  510  539 ..., 1026  982  953]
[ 529  548  530 ..., 1161 1138 1118]
[ 531  548  535 ..., 1266 1262 1234]
[ 539  536  544 ..., 1332 1302 1313]
[ 540  518  537 ..., 1251 1264 1264]
[ 549  551  548 ..., 1249 1240 1248]
[ 543  548  560 ..., 1165 1170 1171]
[ 554  553  565 ..., 1075 1030 1066]
[564 556 554 ..., 938 944 943]
[551 548 539 ..., 787 826 818]
[516 518 549 ..., 752 759 790]
[527 542 540 ..., 764 754 758]
[542 533 521 ..., 736 726 751]
[547 538 532 ..., 692 720 710]
[524 514 527 ..., 717 711 678]
[536 577 570 ..., 715 734 712]
[579 553 574 ..., 685 701 674]
[572 570 601 ..., 700 711 703]
[551 579 566 ..., 678 717 690]
[557 556 553 ..., 668 680 701]
[529 541 567 ..., 666 663 637]
[545 544 553 ..., 679 647 657]
[544 530 530 ..., 691 667 680]
[576 538 546 ..., 693 687 703]
[537 546 551 ..., 707 705 714]
[554 545 551 ..., 681 703 682]
[556 530 562 ..., 727 718 672]
[539 536 549 ..., 687 716 730]
[522 533 524 ..., 743 746 721]
[520 533 558 ..., 676 706 685]
[557 540 554 ..., 705 693 680]
[531 548 550 ..., 705 685 709]
[547 529 549 ..., 721 702 682]
[524 553 545 ..., 696 710 710]
[541 558 534 ..., 702 701 688]
[541 549 544 ..., 707 710 745]
[538 533 519 ..., 699 703 725]
[517 536 571 ..., 711 688 683]
[535 532 536 ..., 723 656 681]
[513 520 524 ..., 681 691 691]
[535 520 529 ..., 700 689 701]
[522 525 506 ..., 683 701 687]
[539 526 528 ..., 731 668 667]
[535 555 511 ..., 676 683 716]
[529 516 533 ..., 715 685 701]
[510 510 509 ..., 712 679 668]
[539 522 548 ..., 702 686 695]
[513 505 509 ..., 704 727 683]
[502 489 503 ..., 723 708 705]
[504 551 538 ..., 674 650 701]
[534 502 524 ..., 672 676 663]
[517 528 509 ..., 631 668 646]
[523 530 538 ..., 617 625 635]
[536 555 561 ..., 640 646 641]
[538 548 529 ..., 634 629 645]
[555 527 527 ..., 638 612 605]
[533 549 541 ..., 607 603 592]
[524 513 517 ..., 509 557 544]
[522 537 523 ..., 443 447 451]
[506 533 527 ..., 419 402 395]
[499 521 515 ..., 525 511 493]
[505 519 514 ..., 695 720 676]
[521 510 511 ..., 679 676 698]
[505 522 513 ..., 543 587 588]
[539 513 506 ..., 495 500 508]
[500 524 503 ..., 443 455 465]
[509 530 502 ..., 421 415 427]
[525 518 531 ..., 406 409 395]
[512 513 512 ..., 410 395 403]
[535 531 526 ..., 395 381 391]
[516 535 519 ..., 381 387 399]
[532 529 537 ..., 397 402 395]
[522 509 527 ..., 401 405 406]
[519 531 536 ..., 409 401 398]
[536 514 517 ..., 387 407 401]
[515 515 507 ..., 405 410 409]
[502 524 523 ..., 399 408 391]
[518 526 531 ..., 404 384 399]
[532 501 500 ..., 400 398 419]
[538 520 539 ..., 388 380 400]
[541 540 556 ..., 402 403 403]
[558 563 545 ..., 393 409 397]
[559 590 549 ..., 395 394 405]
[575 566 578 ..., 380 393 412]
[573 589 583 ..., 389 406 392]
[573 587 549 ..., 398 388 385]
[586 569 548 ..., 406 394 389]
[561 552 554 ..., 384 391 395]
[528 552 572 ..., 397 395 396]
[555 561 577 ..., 395 393 388]
[549 555 573 ..., 393 394 404]
[553 562 564 ..., 394 391 400]
[543 546 565 ..., 400 382 397]
[558 545 551 ..., 379 392 394]
[571 562 579 ..., 407 393 381]
[582 574 555 ..., 389 379 359]
[579 589 558 ..., 401 399 381]
[571 570 565 ..., 393 385 401]
[572 563 574 ..., 371 378 400]
[548 545 549 ..., 380 371 395]
[552 568 552 ..., 395 395 406]
[553 531 556 ..., 389 388 408]
[535 587 597 ..., 401 392 368]
[577 580 572 ..., 396 376 408]
[579 598 592 ..., 375 400 386]
[589 590 580 ..., 390 370 386]
[582 572 576 ..., 390 388 397]
[586 557 560 ..., 394 393 375]
[571 573 554 ..., 414 396 374]
[570 556 549 ..., 416 391 384]
[581 563 562 ..., 410 393 382]
[540 537 554 ..., 404 390 397]
[579 567 581 ..., 393 393 390]
[558 551 575 ..., 382 388 393]
[533 538 549 ..., 394 403 392]
[552 545 540 ..., 385 400 391]
[556 537 572 ..., 370 382 386]
[553 535 552 ..., 394 367 411]
[538 568 560 ..., 396 380 386]
[536 544 548 ..., 381 387 393]
[537 569 518 ..., 384 385 397]
[514 567 536 ..., 401 385 378]
[544 541 556 ..., 387 390 381]
[552 555 523 ..., 373 367 381]
[582 559 556 ..., 385 395 380]
[550 586 562 ..., 389 386 381]
[558 544 554 ..., 397 382 385]
[546 542 528 ..., 396 407 388]
[576 568 568 ..., 398 377 383]
[553 570 589 ..., 386 394 393]
[557 570 561 ..., 391 377 379]
[560 581 558 ..., 395 383 383]
[561 540 550 ..., 375 390 396]
[566 557 563 ..., 381 387 388]
[550 562 573 ..., 393 390 394]
[559 577 554 ..., 384 393 395]
[574 570 556 ..., 386 394 393]
[545 554 577 ..., 385 407 396]
[547 543 572 ..., 379 378 403]
[546 537 543 ..., 392 384 373]
[545 550 554 ..., 396 378 371]
[549 541 557 ..., 394 384 384]
[541 547 542 ..., 384 397 386]
[549 544 552 ..., 380 377 385]
[544 524 544 ..., 390 388 376]
[525 534 534 ..., 388 384 385]
[555 512 536 ..., 395 420 392]
[546 528 529 ..., 379 382 377]
[519 553 551 ..., 360 359 385]
[543 537 543 ..., 377 362 372]
[542 538 517 ..., 346 358 363]
[528 538 537 ..., 357 346 352]
[558 566 556 ..., 356 341 349]
[550 543 547 ..., 302 340 338]
[535 516 514 ..., 309 317 319]
[523 511 529 ..., 322 300 302]
[519 520 556 ..., 318 308 313]
[530 532 521 ..., 338 330 323]
[523 513 531 ..., 376 367 350]
[539 535 524 ..., 458 447 430]
[551 513 541 ..., 562 534 525]
[524 538 530 ..., 636 641 591]
[523 550 520 ..., 676 688 658]
[500 524 511 ..., 663 696 708]
[539 512 519 ..., 692 686 669]
[531 532 553 ..., 639 647 660]
[528 527 535 ..., 631 646 596]
